,demoman,medic,scout1,scout2,soldier1,soldier2,winner
0,5.57,3.09,7.14,2.0,7.22,4.46,0
1,2.81,6.47,3.18,7.33,4.3,4.45,0
2,3.69,9.88,9.25,6.3,8.63,8.48,1
3,8.81,5.28,9.59,7.1,9.44,7.84,1
4,7.09,9.52,0.18,5.62,4.49,8.34,1
5,1.5,6.52,9.53,4.88,2.24,1.86,0
6,9.78,8.41,2.36,7.52,6.34,5.51,0
7,5.18,8.46,4.97,6.83,6.45,8.68,1
8,1.88,1.43,0.77,4.73,3.37,2.09,0
9,8.49,2.18,1.76,6.14,7.61,7.92,1
10,3.8,2.99,6.26,6.97,7.07,6.01,0
11,5.49,1.22,0.73,2.87,0.52,1.12,0
12,0.08,5.82,4.16,1.02,5.23,0.28,0
13,0.66,1.17,7.71,2.87,0.49,0.39,0
14,3.65,7.47,7.27,5.27,5.83,5.49,0
15,6.08,4.37,1.89,3.31,2.09,1.81,1
16,7.88,8.02,6.26,8.15,4.85,6.77,1
17,6.71,1.05,4.34,6.75,9.49,5.04,1
18,3.36,9.42,1.6,6.15,3.68,0.78,0
19,4.46,7.35,4.63,6.97,6.0,3.87,1
20,6.22,5.76,1.38,7.47,9.13,6.28,1
21,8.21,1.09,1.08,3.77,7.31,2.48,0
22,0.47,9.62,3.56,4.92,8.88,3.84,0
23,0.52,6.85,6.93,1.56,0.86,4.95,0
24,4.81,9.67,9.13,9.82,5.24,8.09,1
25,8.03,0.97,0.98,2.63,4.69,5.96,0
26,2.2,9.74,0.68,5.07,0.71,4.09,0
27,6.07,8.83,5.22,4.94,5.22,6.77,1
28,1.1,1.21,1.87,0.27,7.43,2.15,0
29,4.43,1.31,0.27,2.1,8.84,0.63,0
30,3.36,4.08,9.37,3.89,9.22,3.97,1
31,3.65,8.43,2.8,1.78,4.07,1.69,0
32,4.59,1.96,2.46,2.08,8.88,1.69,0
33,7.6,5.91,7.71,5.92,1.58,9.39,1
34,8.04,1.78,3.37,8.46,6.9,6.28,1
35,3.34,6.46,8.12,6.15,4.99,3.63,0
36,1.03,2.87,4.72,6.75,1.96,6.82,0
37,0.61,1.66,8.6,2.5,4.37,7.86,0
38,7.61,3.75,1.25,10.0,8.95,9.52,1
39,8.69,7.42,0.18,5.53,5.63,7.76,1
40,6.71,2.3,4.69,6.06,5.19,1.02,0
41,5.01,8.01,6.57,1.5,4.0,6.05,0
42,9.4,1.87,6.47,7.04,8.41,5.06,1
43,9.96,6.95,5.27,8.78,8.16,2.93,1
44,6.24,3.08,5.87,1.8,4.91,8.85,0
45,6.5,6.36,5.47,9.12,3.79,5.06,1
46,8.4,4.75,6.71,4.37,4.82,4.27,1
47,8.78,8.93,7.14,7.39,5.96,3.29,1
48,8.71,4.23,3.66,2.83,7.95,9.99,1
49,4.27,0.21,1.6,3.98,1.92,4.56,0
50,8.2,9.98,7.58,5.96,4.0,3.84,1
51,7.8,7.16,7.45,9.91,9.84,4.63,1
52,3.0,8.33,5.82,4.86,5.44,6.55,1
53,0.07,3.43,0.67,2.86,1.16,2.83,0
54,8.8,7.98,4.27,5.13,9.15,9.05,1
55,0.19,5.24,2.75,6.84,4.53,3.64,0
56,1.71,6.24,1.91,9.34,5.13,8.24,0
57,6.96,9.6,7.55,6.12,9.66,4.75,1
58,1.92,4.02,4.05,2.87,0.62,2.45,0
59,5.96,5.08,9.34,9.67,9.78,6.46,1
60,3.6,5.34,4.24,5.74,5.48,5.25,0
61,2.96,4.93,2.78,1.54,2.18,7.82,0
62,4.02,1.31,4.74,1.26,2.76,1.58,0
63,4.59,7.94,4.2,2.6,4.14,9.42,1
64,9.12,1.25,3.13,2.86,9.44,0.95,0
65,7.25,8.4,7.37,6.83,7.6,0.52,1
66,8.13,1.41,4.28,3.31,2.09,2.89,0
67,1.96,1.39,6.84,0.93,3.72,0.67,0
68,8.67,7.2,6.1,4.12,8.85,7.89,1
69,9.38,9.11,8.43,5.53,8.99,8.91,1
70,8.59,1.65,9.17,5.47,4.54,9.86,1
71,6.72,2.42,6.14,8.42,5.44,9.96,1
72,3.0,4.84,4.73,7.3,4.49,4.13,0
73,9.99,5.03,7.19,8.48,0.98,9.37,1
74,0.59,0.32,0.24,0.87,1.1,0.0,0
75,6.53,7.19,6.32,7.29,1.59,1.28,1
76,3.39,2.4,5.76,6.83,2.19,0.42,0
77,7.76,4.36,4.16,8.68,8.35,3.64,1
78,7.74,7.5,5.35,9.31,6.96,6.07,1
79,5.05,9.52,8.6,4.4,9.02,5.83,1
80,7.1,6.5,9.79,8.97,9.92,9.41,1
81,1.3,0.43,1.4,3.93,6.41,1.36,0
82,5.54,3.06,0.95,5.54,1.21,2.93,0
83,4.97,4.84,7.2,3.98,8.88,7.36,1
84,9.27,2.85,0.4,9.57,8.75,1.84,1
85,4.81,4.58,9.59,2.01,9.72,5.9,1
86,7.74,5.46,9.35,4.82,1.95,5.61,1
87,4.71,8.29,9.07,3.3,6.75,9.58,1
88,5.18,8.23,7.76,9.3,6.45,6.04,1
89,9.31,9.34,8.29,4.91,7.59,3.8,1
90,0.76,0.29,8.51,3.18,7.82,2.84,0
91,9.39,5.95,8.44,8.95,9.52,9.84,1
92,3.95,6.22,3.65,4.2,1.59,1.22,0
93,8.0,1.77,9.37,3.87,3.44,7.91,1
94,9.03,8.26,3.15,9.12,3.65,5.81,1
95,0.09,4.07,0.91,1.31,2.37,0.03,0
96,9.83,7.84,2.75,9.33,2.07,2.99,1
97,8.2,8.73,9.34,9.51,7.22,6.85,1
98,8.35,8.58,9.58,4.93,9.97,9.78,1
99,4.77,5.87,2.55,6.57,3.53,2.59,0
100,1.75,3.05,3.45,8.15,2.46,0.34,0
101,7.25,6.18,4.25,6.91,3.09,5.9,1
102,8.55,7.54,6.93,8.02,5.49,8.2,1
103,7.59,8.8,6.81,4.78,1.36,7.79,1
104,8.83,6.23,7.63,9.82,7.8,9.5,1
105,7.96,5.42,5.41,5.82,2.1,1.49,1
106,4.0,1.57,5.67,1.59,5.57,9.2,0
107,7.74,8.11,5.64,6.57,9.28,6.77,1
108,0.66,0.32,4.56,0.36,3.44,0.73,0
109,5.71,9.68,6.0,9.49,7.75,8.35,1
110,0.32,4.68,1.18,3.72,0.2,0.12,0
111,8.16,4.64,6.57,7.51,9.89,9.1,1
112,0.19,9.0,9.47,3.45,1.95,5.42,1
113,4.27,4.25,2.09,6.14,7.21,6.41,1
114,2.66,9.83,6.0,3.11,0.43,0.08,0
115,5.07,9.35,1.06,7.62,3.05,9.77,1
116,5.77,1.08,1.4,6.69,5.41,3.55,0
117,4.42,2.8,7.54,1.07,0.2,8.59,1
118,4.44,3.27,5.78,2.86,8.42,5.65,1
119,5.22,4.46,1.67,6.38,4.18,9.59,1
120,5.51,1.57,0.32,3.11,3.41,2.34,0
121,6.45,4.84,4.82,6.1,8.5,4.58,0
122,8.14,6.95,2.38,9.81,7.45,9.7,1
123,9.93,9.24,9.37,8.4,9.15,5.78,1
124,8.79,3.06,6.43,7.23,9.54,7.61,1
125,8.6,1.17,9.93,7.4,7.62,4.96,1
126,5.33,5.55,5.65,1.84,7.88,6.99,1
127,6.16,4.27,3.98,7.68,9.83,2.65,1
128,8.93,5.97,5.46,9.08,2.79,9.58,1
129,1.39,0.13,1.0,0.86,0.48,3.18,0
130,1.36,5.36,9.23,1.32,5.52,1.84,0
131,5.87,9.58,6.9,2.55,2.53,4.51,0
132,3.87,2.53,1.65,5.98,5.22,1.49,0
133,9.83,9.22,7.65,9.98,8.55,9.64,1
134,1.88,2.28,5.41,3.13,1.49,0.18,0
135,0.1,0.28,7.89,0.29,2.24,1.91,0
136,0.66,0.62,2.57,3.43,1.64,0.1,0
137,3.95,4.46,9.67,3.98,8.13,3.87,1
138,6.95,3.06,4.97,5.18,5.22,8.92,1
139,5.11,2.74,0.21,0.5,3.37,2.41,0
140,3.44,5.61,1.58,3.28,0.93,0.87,0
141,3.87,7.49,1.48,3.31,4.37,0.48,0
142,9.64,3.82,0.87,5.43,6.24,4.26,0
143,4.35,0.68,0.48,1.54,0.72,6.15,0
144,9.56,1.22,6.35,8.85,9.54,8.25,1
145,7.61,9.87,3.88,8.68,6.9,9.67,1
146,6.96,8.16,8.8,9.74,9.19,3.44,1
147,1.51,4.05,2.5,7.23,2.5,5.97,0
148,4.42,2.47,7.04,4.3,5.22,5.49,1
149,3.95,7.09,8.05,2.95,7.45,2.02,0
150,9.52,9.42,3.64,3.58,1.96,5.97,0
151,7.89,4.15,9.5,5.35,3.37,2.51,1
152,4.28,5.19,1.08,1.74,7.75,1.49,0
153,7.31,4.36,5.38,0.96,2.11,1.97,0
154,9.27,5.29,3.56,5.53,2.81,5.96,0
155,5.36,1.12,6.48,6.21,7.12,3.01,0
156,1.71,7.16,4.19,5.92,4.66,0.42,0
157,0.7,0.82,1.03,0.82,2.9,0.99,0
158,0.93,4.64,4.28,2.96,2.6,5.97,0
159,8.55,9.32,1.48,3.05,6.44,5.11,1
160,3.23,0.21,0.79,2.86,2.6,1.98,0
161,4.65,6.85,7.35,8.42,6.14,7.71,1
162,6.6,6.36,8.95,7.3,7.11,5.87,1
163,5.04,7.34,4.88,4.49,7.61,7.88,1
164,6.06,4.29,4.28,6.84,3.34,3.34,0
165,6.08,9.58,0.87,9.08,8.5,9.6,1
166,4.53,4.74,2.09,4.94,3.17,8.49,0
167,2.1,0.69,1.23,4.13,1.96,2.45,0
168,0.93,0.72,4.43,2.5,3.93,2.45,0
169,6.95,5.72,8.52,3.84,3.57,5.25,0
170,5.11,0.82,9.61,5.81,2.95,5.04,1
171,0.3,6.12,1.48,5.02,4.82,5.97,0
172,1.33,0.32,6.59,1.98,1.26,0.96,0
173,3.3,7.34,0.98,9.43,2.99,5.33,0
174,1.1,0.43,3.59,0.27,3.57,9.41,0
175,8.12,6.52,5.41,7.58,0.75,6.92,1
176,3.19,1.15,2.47,5.75,2.15,2.85,0
177,0.44,0.21,0.51,0.79,6.75,0.06,0
178,1.92,4.13,3.74,2.95,1.27,8.21,0
179,8.59,8.95,5.75,3.77,9.3,2.91,1
180,3.04,7.16,2.67,0.82,1.49,5.49,0
181,8.16,8.26,0.46,9.67,8.22,8.73,1
182,6.38,9.44,9.59,5.57,9.48,7.71,1
183,9.39,8.33,5.43,6.99,3.09,2.34,1
184,0.24,5.76,0.41,3.8,0.16,4.45,0
185,1.3,4.09,1.16,5.49,3.11,4.13,0
186,3.69,6.0,1.15,8.1,1.2,0.52,0
187,6.02,2.53,3.86,3.88,3.72,3.96,0
188,2.1,3.28,2.0,0.36,5.58,2.21,0
189,1.59,9.92,5.37,6.57,0.09,8.06,0
190,9.2,7.11,5.83,8.08,7.91,5.49,1
191,4.63,4.43,3.63,7.59,3.31,0.34,0
192,8.4,0.47,0.32,2.83,3.85,0.56,0
193,5.46,7.91,9.35,7.68,9.34,9.13,1
194,4.07,2.54,0.28,3.49,4.25,4.79,0
195,9.74,4.09,9.59,9.62,9.28,8.38,1
196,7.25,9.47,6.36,4.16,4.0,6.54,0
197,4.58,4.15,4.79,7.94,5.05,2.07,0
198,9.12,9.92,6.57,9.12,4.84,7.1,1
199,7.09,8.51,9.25,0.82,5.44,9.86,1
200,3.72,1.69,5.33,6.85,9.11,5.08,1
201,1.47,0.34,1.12,4.34,0.85,0.82,0
202,5.34,7.91,1.4,2.86,5.27,2.66,0
203,1.08,9.6,3.09,6.0,5.35,7.32,1
204,9.52,5.58,7.21,6.17,5.75,8.51,1
205,8.34,8.42,3.59,2.11,9.37,3.35,1
206,0.26,6.54,0.39,2.08,0.8,0.92,0
207,4.71,0.21,0.42,2.77,6.86,2.4,0
208,1.25,2.57,7.55,2.51,9.84,5.53,0
209,9.44,8.03,7.75,8.75,9.12,7.75,1
210,0.83,9.51,6.82,5.98,4.09,0.56,0
211,6.77,8.78,5.64,8.32,7.47,0.31,1
212,3.65,3.27,3.89,5.74,7.14,2.15,0
213,6.52,1.27,3.79,1.84,6.53,8.89,0
214,3.96,5.35,7.33,3.77,2.21,4.14,0
215,4.62,1.54,1.65,1.31,2.45,2.57,0
216,5.06,5.54,0.78,5.94,2.05,7.59,0
217,4.42,9.89,0.76,3.08,8.35,3.29,0
218,0.29,6.69,8.34,0.82,6.71,1.54,0
219,8.4,2.58,5.41,8.54,6.46,8.46,1
220,1.89,1.21,1.47,5.74,3.13,2.28,0
221,7.58,6.55,8.98,8.49,8.87,7.44,1
222,9.52,6.57,4.97,8.1,0.53,1.22,1
223,3.11,4.09,8.16,2.4,6.71,4.69,1
224,6.92,3.28,4.14,6.17,4.46,4.96,0
225,4.43,6.83,8.12,6.42,0.08,8.89,1
226,3.95,0.06,5.38,0.82,4.23,3.53,0
227,5.71,4.39,8.63,1.61,2.73,5.33,0
228,0.53,2.64,6.79,7.59,5.66,3.18,1
229,0.43,2.71,0.7,0.1,3.1,6.41,0
230,8.99,4.96,8.22,6.22,6.13,0.56,1
231,2.06,0.7,3.0,7.58,0.71,4.72,0
232,6.11,6.54,9.45,1.98,8.81,7.52,1
233,6.56,4.95,3.79,5.27,5.23,9.91,1
234,4.49,2.28,3.5,1.76,8.13,3.96,0
235,4.4,7.64,4.72,7.58,3.43,9.08,1
236,9.9,7.92,7.75,1.5,9.7,0.56,1
237,4.13,9.87,5.32,7.43,6.9,5.73,1
238,4.43,9.33,6.86,8.97,2.79,2.66,1
239,2.14,0.1,3.26,0.19,5.54,2.84,0
240,1.03,0.87,1.39,4.94,7.04,6.03,0
241,4.78,1.02,0.08,3.31,3.7,3.17,0
242,5.18,5.95,9.77,7.1,7.31,7.32,1
243,6.15,0.79,0.67,8.28,8.09,2.25,1
244,7.96,1.64,2.81,3.43,1.88,9.86,1
245,7.14,2.18,4.4,4.91,3.65,8.45,1
246,1.33,6.59,6.63,4.27,4.33,5.64,0
247,0.76,3.21,9.52,1.64,8.43,1.75,0
248,7.5,3.63,9.52,5.52,8.69,9.18,1
249,7.82,7.56,2.97,0.97,1.58,2.88,0
250,1.95,3.57,4.97,7.98,4.75,3.15,1
251,0.65,6.94,0.04,8.4,0.46,2.26,0
252,1.78,7.93,7.76,5.03,2.06,8.24,1
253,5.43,7.19,0.75,7.65,2.2,0.28,0
254,6.02,0.32,5.93,4.84,4.54,0.51,0
255,8.8,6.83,7.14,6.51,9.11,6.16,1
256,0.62,3.49,5.16,3.59,6.63,4.69,0
257,4.1,3.37,8.03,0.82,3.3,2.07,0
258,4.59,3.36,6.79,6.7,4.61,3.54,0
259,5.63,3.08,2.47,1.59,1.45,2.47,0
260,7.8,9.63,9.77,0.44,7.68,8.04,1
261,8.2,9.44,7.93,7.68,6.14,5.67,1
262,5.07,4.07,6.28,9.58,4.23,3.25,1
263,3.65,3.63,1.89,6.71,2.88,9.53,1
264,8.23,0.01,3.95,0.44,6.07,2.48,0
265,7.63,3.72,5.35,8.02,1.9,6.99,0
266,8.53,5.29,9.09,5.63,2.35,8.84,1
267,5.57,6.23,1.92,4.84,2.18,1.76,0
268,3.48,1.02,0.41,1.56,2.14,2.96,0
269,6.54,8.99,9.25,6.02,6.9,7.14,1
270,1.96,1.08,0.29,1.42,1.95,3.94,0
271,8.71,9.92,3.56,7.14,8.92,5.65,1
272,0.6,1.02,0.7,2.15,0.53,0.87,0
273,8.35,5.46,4.24,3.27,9.38,7.52,1
274,7.19,8.28,6.05,2.3,2.06,1.22,0
275,5.97,1.39,5.75,5.35,8.44,6.33,1
276,8.59,0.85,2.47,9.84,5.86,8.91,1
277,8.53,9.34,9.5,7.89,8.34,9.86,1
278,9.9,6.14,9.45,9.27,6.91,8.73,1
279,1.08,6.26,5.27,2.0,0.07,1.56,0
280,7.78,8.11,8.52,8.54,9.21,5.67,1
281,9.77,3.38,9.04,7.3,7.2,6.87,1
282,0.31,0.04,0.69,2.68,0.06,3.29,0
283,0.14,5.67,0.8,2.35,2.24,3.24,0
284,9.01,8.0,9.51,9.76,9.49,6.51,1
285,3.35,7.07,2.95,3.45,0.43,1.79,0
286,3.14,4.12,3.37,6.27,5.84,4.42,0
287,0.31,6.0,3.33,7.27,7.75,3.29,0
288,0.59,6.59,1.7,6.91,7.59,0.18,0
289,4.4,7.0,1.4,9.52,5.62,8.5,1
290,2.06,4.16,0.08,2.35,7.55,0.51,0
291,8.13,7.27,6.41,7.58,4.84,6.79,1
292,5.06,8.38,7.49,8.29,9.61,9.19,1
293,1.88,1.72,0.68,2.48,3.72,0.19,0
294,2.83,3.38,3.46,5.58,6.22,5.97,0
295,2.45,6.13,0.29,6.93,4.09,7.89,0
296,6.66,8.0,7.45,6.83,1.18,1.03,0
297,3.76,7.63,6.82,7.99,8.88,4.12,1
298,9.04,9.68,7.47,9.51,8.64,7.61,1
299,9.24,2.86,8.94,2.4,8.69,2.41,0
300,8.71,7.3,7.39,7.14,0.55,1.69,1
301,9.61,4.69,7.65,9.43,2.65,2.51,1
302,2.81,0.65,0.4,2.48,6.53,1.02,0
303,7.43,3.57,6.63,6.64,8.8,7.96,1
304,1.46,6.57,0.29,8.82,7.93,2.57,0
305,5.66,2.42,5.28,2.0,1.41,9.6,0
306,8.55,4.14,5.64,2.4,3.96,2.35,0
307,5.18,6.51,1.76,9.94,5.51,4.33,0
308,2.21,0.32,1.03,1.35,0.76,4.08,0
309,4.49,0.85,3.31,6.25,4.29,9.02,0
310,2.56,5.06,2.58,0.3,2.18,3.96,0
311,8.45,4.09,0.26,5.95,8.62,1.27,1
312,5.22,3.82,0.4,5.43,8.2,4.97,0
313,1.84,6.37,5.32,6.83,8.13,5.82,1
314,7.25,1.37,3.26,2.0,5.12,3.8,0
315,6.59,0.08,3.7,1.07,1.59,5.54,0
316,0.98,0.97,0.85,2.48,0.96,0.08,0
317,0.68,8.35,9.51,1.27,2.11,2.28,0
318,5.19,3.16,1.46,0.59,1.65,8.79,0
319,8.97,3.08,1.46,6.31,7.96,5.74,1
320,5.73,2.77,4.19,8.15,5.15,0.75,0
321,1.33,2.4,6.95,5.31,0.71,1.84,0
322,8.65,5.28,9.09,7.74,6.44,8.24,1
323,5.55,4.28,7.63,9.76,9.7,9.2,0
324,4.81,7.34,9.42,5.27,3.7,5.9,1
325,4.04,9.68,3.88,4.04,1.58,0.78,0
326,3.73,2.54,9.83,4.22,1.26,5.97,0
327,1.84,4.51,1.08,4.34,0.62,1.27,0
328,6.6,7.19,4.27,3.8,3.17,1.92,0
329,5.9,5.76,1.89,4.49,2.08,3.69,0
330,2.4,7.53,9.18,3.99,8.91,5.65,1
331,9.52,4.29,3.18,3.44,5.87,6.04,1
332,8.34,3.98,9.88,1.6,4.54,3.96,0
333,4.04,3.08,9.53,3.55,3.95,6.14,1
334,2.0,6.66,8.65,1.88,3.58,6.79,0
335,3.65,4.97,2.17,5.96,4.53,2.91,1
336,7.96,6.61,8.44,8.65,9.66,8.19,1
337,3.35,1.45,5.46,5.6,3.75,5.75,0
338,4.2,0.95,7.96,6.89,1.76,9.31,1
339,7.31,9.67,3.8,6.96,1.02,8.09,0
340,0.43,8.42,3.68,2.73,0.01,0.42,0
341,8.63,5.82,8.52,7.04,9.44,9.6,1
342,8.63,9.92,8.94,7.3,8.44,2.79,1
343,5.56,0.1,0.58,1.55,1.96,1.37,0
344,8.52,8.42,8.98,8.7,6.74,5.86,1
345,0.76,4.3,3.56,4.94,4.49,4.18,0
346,1.03,3.17,3.13,1.5,2.2,5.53,0
347,2.48,5.58,4.16,5.36,3.7,7.95,0
348,9.43,4.78,9.59,6.06,9.71,8.64,1
349,8.65,3.01,1.17,10.0,8.64,9.25,1
350,6.22,9.25,7.14,5.97,5.25,4.75,1
351,9.64,9.41,2.96,2.59,9.49,2.91,1
352,0.66,5.28,1.85,0.36,3.83,1.05,0
353,7.12,9.61,3.96,3.47,4.59,8.21,1
354,7.03,2.47,9.89,6.57,7.79,8.46,1
355,9.63,4.18,9.24,9.24,9.23,9.29,1
356,8.57,3.73,4.71,9.0,5.49,3.75,0
357,7.89,3.01,9.51,1.59,8.43,5.32,0
358,4.78,7.3,0.85,2.87,4.37,0.41,0
359,4.71,1.71,3.89,3.48,5.25,2.68,0
360,4.59,6.23,5.87,7.42,8.43,7.62,1
361,0.53,2.41,5.76,6.36,4.54,7.59,0
362,5.86,7.0,2.47,2.68,2.97,2.09,1
363,1.13,2.37,1.12,3.9,3.15,2.34,0
364,1.26,1.65,1.12,4.91,4.45,2.99,0
365,6.24,5.86,4.28,6.38,2.7,2.57,0
366,2.17,1.32,0.98,0.36,0.46,0.55,0
367,3.54,8.15,3.95,6.3,4.99,1.84,0
368,3.66,2.06,8.88,9.35,6.28,2.9,1
369,3.77,0.56,4.73,4.04,8.36,3.04,0
370,4.14,1.64,6.47,5.21,3.85,6.93,0
371,6.24,7.84,6.22,1.98,8.2,5.41,1
372,5.97,7.9,5.24,9.62,8.53,9.22,1
373,7.82,7.73,6.47,3.7,6.79,4.35,1
374,0.53,5.15,0.21,1.29,2.46,8.59,0
375,4.19,0.29,3.07,2.71,0.38,1.02,0
376,1.46,0.58,0.01,1.03,8.12,0.19,0
377,8.83,6.95,4.57,9.43,5.44,9.22,1
378,5.01,8.55,4.91,6.45,8.35,2.84,1
379,6.71,7.65,3.64,7.8,2.07,9.66,1
380,5.09,1.2,1.4,7.16,9.92,2.48,0
381,3.87,7.0,4.03,5.23,5.38,8.25,1
382,0.07,9.02,0.55,1.54,3.72,1.49,0
383,9.0,7.47,7.35,9.37,8.77,3.38,1
384,9.59,5.27,0.92,1.57,2.89,1.78,0
385,3.36,5.56,9.23,8.83,9.14,9.58,1
